# oST version 5.0 parameters


[image]

width
1920

height
1080

[narrow_stereo]

camera matrix
1588.052924 0.000000 964.986969
0.000000 1586.031534 538.015331
0.000000 0.000000 1.000000

distortion
-0.130096 0.069268 -0.001506 -0.000456 0.000000

rectification
1.000000 0.000000 0.000000
0.000000 1.000000 0.000000
0.000000 0.000000 1.000000

projection
1522.561890 0.000000 963.894415 0.000000
0.000000 1561.493286 536.582152 0.000000
0.000000 0.000000 1.000000 0.000000

